AC_Number,Constituency_Name,District,Type,Predicted_Winner,Predicted_Winner_Prob,P_All India Trinamool Congress,P_Bharatiya Janta Party,P_OTHER,squeeze_pct
12,Alipurduars,Jalpaiguri,GEN,Bharatiya Janta Party,0.9967326348813986,0.0015588988067410281,0.9967326348813986,0.0017084663118604076,0.1
102,Amdanga,North Twenty Four Parganas,GEN,All India Trinamool Congress,0.6970954268605756,0.6970954268605756,0.24216561982452553,0.06073895331489885,0.22000000000000003
181,Amta,Haora,GEN,All India Trinamool Congress,0.8029379039397149,0.8029379039397149,0.1612587464160743,0.035803349644210884,0.1
200,Arambag,Hugli,SC,Bharatiya Janta Party,0.9942011094572087,0.005299517454191556,0.9942011094572087,0.0004993730885996274,0.14
280,Asnsol Dakshin,Barddhaman,GEN,Bharatiya Janta Party,0.9956508712584486,0.003047717920460173,0.9956508712584486,0.001301410821091127,0.16000000000000003
281,Asansol Uttar,Barddhaman,GEN,Bharatiya Janta Party,0.5788604943876474,0.39295724960700656,0.5788604943876474,0.028182256005346063,0.16000000000000003
101,Ashoknagar,North Twenty Four Parganas,GEN,All India Trinamool Congress,0.6888669321349492,0.6888669321349492,0.25276704446755965,0.0583660233974913,0.22000000000000003
273,Ausgram,Barddhaman,SC,All India Trinamool Congress,0.5004573223435957,0.5004573223435957,0.4699401040338243,0.02960257362257981,0.16000000000000003
99,Baduria,North Twenty Four Parganas,GEN,All India Trinamool Congress,0.7587111156648322,0.7587111156648322,0.1808113826976775,0.06047750163749026,0.22000000000000003
94,Bagda,North Twenty Four Parganas,SC,Bharatiya Janta Party,0.9995843165766588,0.00013489250032834503,0.9995843165766588,0.00028079092301287756,0.22000000000000003
240,Baghmundi,Puruliya,GEN,All India Trinamool Congress,0.6958708767786376,0.6958708767786376,0.27972586519228154,0.024403258029080693,0.1
180,Bagnan,Haora,GEN,All India Trinamool Congress,0.8963325636656189,0.8963325636656189,0.07396265564165175,0.029704780692729523,0.1
72,Baharampur,Murshidabad,GEN,Bharatiya Janta Party,0.9960534272409448,0.0019163486206268247,0.9960534272409448,0.0020302241384283918,0.25
54,Baisnabnagar,Maldah,GEN,All India Trinamool Congress,0.5045084595066531,0.5045084595066531,0.4396648985996958,0.0558266418936509,0.25
191,Balagarh,Hugli,SC,Bharatiya Janta Party,0.5632060423997881,0.40961624105782907,0.5632060423997881,0.027177716542382865,0.14
239,Balarampur,Puruliya,GEN,Bharatiya Janta Party,0.9948971684344196,0.004401148547235969,0.9948971684344196,0.0007016830183444894,0.1
169,Bally,Haora,GEN,All India Trinamool Congress,0.8163667359897951,0.8163667359897951,0.11836156759156617,0.06527169641863857,0.1
161,Ballygunge,Kolkata,GEN,All India Trinamool Congress,0.8581894411609777,0.8581894411609777,0.10037736707124253,0.041433191767779806,0.14
39,Balurghat,Dakshin Dinajpur,GEN,All India Trinamool Congress,0.6098921252745924,0.6098921252745924,0.29190234438451507,0.09820553034089254,0.19999999999999998
238,Bandwan,Puruliya,ST,All India Trinamool Congress,0.7379554001461788,0.7379554001461788,0.22574811556717597,0.036296484286645184,0.1
96,Bangaon Dakshin,North Twenty Four Parganas,SC,Bharatiya Janta Party,0.9981373896010238,0.0015391702785637396,0.9981373896010238,0.0003234401204123616,0.22000000000000003
95,Bangaon Uttar,North Twenty Four Parganas,SC,Bharatiya Janta Party,0.9987745805824804,0.0009670877634060994,0.9987745805824804,0.00025833165411345,0.22000000000000003
252,Bankura,Bankura,GEN,Bharatiya Janta Party,0.997217600071612,0.0022781786888247447,0.997217600071612,0.000504221239563398,0.1
283,Barabani,Barddhaman,GEN,All India Trinamool Congress,0.7754204450509469,0.7754204450509469,0.17844674127365057,0.04613281367540247,0.16000000000000003
113,Baranagar,North Twenty Four Parganas,GEN,All India Trinamool Congress,0.7866213937645898,0.7866213937645898,0.14840091028136115,0.06497769595404905,0.22000000000000003
119,Barasat,North Twenty Four Parganas,GEN,All India Trinamool Congress,0.7634674798379397,0.7634674798379397,0.16627090228107863,0.07026161788098179,0.22000000000000003
260,Burdwan Dakshin,Barddhaman,GEN,Bharatiya Janta Party,0.49183506625737783,0.4752621344666509,0.49183506625737783,0.03290279927597124,0.16000000000000003
266,Burdwan Uttar,Barddhaman,SC,All India Trinamool Congress,0.7293962334984453,0.7293962334984453,0.21720438308495293,0.0533993834166016,0.16000000000000003
253,Barjora,Bankura,GEN,All India Trinamool Congress,0.5269199748899646,0.5269199748899646,0.4529309637800742,0.020149061329961207,0.1
108,Barrackpur,North Twenty Four Parganas,GEN,All India Trinamool Congress,0.7479935621620449,0.7479935621620449,0.15887671474807877,0.09312972308987626,0.22000000000000003
140,Baruipur Paschim,South  Twenty Four Parganas,GEN,All India Trinamool Congress,0.8429109725540578,0.8429109725540578,0.11072887272488324,0.04636015472105907,0.16
137,Baruipur Purba,South  Twenty Four Parganas,SC,All India Trinamool Congress,0.8102989726295811,0.8102989726295811,0.13762886443749262,0.0520721629329263,0.16
128,Basanti,South  Twenty Four Parganas,SC,All India Trinamool Congress,0.8402216293259603,0.8402216293259603,0.11379880222953768,0.04597956844450206,0.16
124,Basirhat Dakshin,North Twenty Four Parganas,GEN,All India Trinamool Congress,0.7566912059876123,0.7566912059876123,0.16822767012589832,0.07508112388648933,0.22000000000000003
125,Basirhat Uttar,North Twenty Four Parganas,GEN,All India Trinamool Congress,0.7061949217135313,0.7061949217135313,0.15534030074661262,0.13846477753985612,0.22000000000000003
154,Behala Paschim,South  Twenty Four Parganas,GEN,All India Trinamool Congress,0.8284816918704118,0.8284816918704118,0.12106846901741614,0.050449839112172074,0.16
153,Behala Purba,South  Twenty Four Parganas,GEN,All India Trinamool Congress,0.809098250303105,0.809098250303105,0.14102353740455606,0.049878212292338846,0.16
71,Beldanga,Murshidabad,GEN,All India Trinamool Congress,0.7584192511307968,0.7584192511307968,0.17205414799055213,0.06952660087865108,0.25
164,Beleghata,Kolkata,GEN,All India Trinamool Congress,0.8569777109851971,0.8569777109851971,0.10149937760021471,0.04152291141458819,0.14
159,Bhabanipur,Kolkata,GEN,All India Trinamool Congress,0.8550142649788763,0.8550142649788763,0.10257063754586382,0.04241509747525981,0.14
62,Bhagabangola,Murshidabad,GEN,All India Trinamool Congress,0.6642513088936185,0.6642513088936185,0.2687017556532948,0.06704693545308665,0.25
214,Bhagabanpur,Purba Medinipur,GEN,Bharatiya Janta Party,0.7717483769025552,0.2132744575954428,0.7717483769025552,0.014977165502002008,0.1
148,Bhangar,South  Twenty Four Parganas,GEN,OTHER,0.8017926160506309,0.035288694811382346,0.1629186891379868,0.8017926160506309,0.16
69,Bharatpur,Murshidabad,GEN,All India Trinamool Congress,0.6849054297253296,0.6849054297253296,0.24677728901668888,0.06831728125798152,0.25
267,Bhatar,Barddhaman,GEN,All India Trinamool Congress,0.8438876351305019,0.8438876351305019,0.1103012331977377,0.045811131671760416,0.16000000000000003
105,Bhatpara,North Twenty Four Parganas,GEN,Bharatiya Janta Party,0.9781982631642396,0.014602338700691731,0.9781982631642396,0.0071993981350686465,0.22000000000000003
116,Bidhannagar,North Twenty Four Parganas,GEN,All India Trinamool Congress,0.6290174872882812,0.6290174872882812,0.2791538566513919,0.09182865606032685,0.22000000000000003
103,Bijpur,North Twenty Four Parganas,GEN,All India Trinamool Congress,0.4494586757987881,0.4494586757987881,0.42397938425595066,0.12656193994526121,0.22000000000000003
237,Binpur,Paschim Medinipur,ST,All India Trinamool Congress,0.8894383082751453,0.8894383082751453,0.08087130479408969,0.029690386930764992,0.1
146,Bishnupur (SC),South  Twenty Four Parganas,SC,All India Trinamool Congress,0.8300125689763393,0.8300125689763393,0.11795734061333343,0.052030090410327155,0.16
255,Bishnupur,Bankura,SC,Bharatiya Janta Party,0.9954074884864887,0.0037333142626606486,0.9954074884864887,0.0008591972508505417,0.1
286,Bolpur,Birbhum,GEN,All India Trinamool Congress,0.8540418455308346,0.8540418455308346,0.11348061198907658,0.032477542480088904,0.1
156,Budge Budge,South  Twenty Four Parganas,GEN,All India Trinamool Congress,0.8452606745160695,0.8452606745160695,0.10882533832150353,0.045913987162427096,0.16
67,Burwan,Murshidabad,SC,Bharatiya Janta Party,0.47359832881988373,0.44282112894116105,0.47359832881988373,0.08358054223895524,0.25
138,Canning Paschim,South  Twenty Four Parganas,SC,All India Trinamool Congress,0.8194917357802771,0.8194917357802771,0.13408309443067604,0.04642516978904676,0.16
139,Canning Purba,South  Twenty Four Parganas,GEN,All India Trinamool Congress,0.7136746156050683,0.7136746156050683,0.16172415402823176,0.12460123036669989,0.16
91,Chakdaha,Nadia,GEN,Bharatiya Janta Party,0.99256770310243,0.006440922153420343,0.99256770310243,0.000991374744149696,0.1
31,Chakulia,Uttar Dinajpur,GEN,All India Trinamool Congress,0.6694713037733966,0.6694713037733966,0.24112800804798398,0.08940068817861949,0.25
187,Champdani,Hugli,GEN,All India Trinamool Congress,0.8045131029996165,0.8045131029996165,0.1523656472090335,0.043121249791349896,0.14
45,Chanchal,Maldah,GEN,All India Trinamool Congress,0.6899896465503693,0.6899896465503693,0.24423015586183047,0.06578019758780018,0.25
189,Chandannagar,Hugli,GEN,All India Trinamool Congress,0.850931853709381,0.850931853709381,0.1063781293318497,0.04269001695876937,0.14
211,Chandipur,Purba Medinipur,GEN,All India Trinamool Congress,0.6388555027276057,0.6388555027276057,0.3339567003777455,0.027187796894648956,0.1
194,Chanditala,Hugli,GEN,All India Trinamool Congress,0.855889074134731,0.855889074134731,0.1024045982935184,0.04170632757175063,0.14
232,Chandrakona,Paschim Medinipur,SC,Bharatiya Janta Party,0.8646081951845378,0.12044045399338868,0.8646081951845378,0.014951350822073588,0.1
82,Chapra,Nadia,GEN,All India Trinamool Congress,0.6478212229145803,0.6478212229145803,0.3282369039441502,0.02394187314126942,0.1
248,Chhatna,Bankura,GEN,Bharatiya Janta Party,0.998836182600499,0.0008468973435244576,0.998836182600499,0.0003169200559765627,0.1
28,Chopra,Uttar Dinajpur,GEN,Bharatiya Janta Party,0.8464116893924533,0.13603346644381012,0.8464116893924533,0.017554844163736684,0.25
162,Chowrangee,Kolkata,GEN,All India Trinamool Congress,0.8534286984553646,0.8534286984553646,0.10409438687749129,0.04247691466714407,0.14
190,Chunchura,Hugli,GEN,Bharatiya Janta Party,0.6361959391321452,0.313439547641837,0.6361959391321452,0.0503645132260177,0.14
4,Cooch Behar Dakshin,Koch Bihar,GEN,Bharatiya Janta Party,0.8750205418942536,0.07849450015280206,0.8750205418942536,0.04648495795294437,0.1
3,Coochbehar Uttar,Koch Bihar,SC,Bharatiya Janta Party,0.9982862667089044,0.0006415438325154272,0.9982862667089044,0.0010721894585802628,0.1
19,Dabgram-Fulbari,Jalpaiguri,GEN,Bharatiya Janta Party,0.9961943745371306,0.0006637452646771327,0.9961943745371306,0.003141880198192321,0.1
219,Dantan,Paschim Medinipur,GEN,Bharatiya Janta Party,0.5490713828989899,0.43286092140146476,0.5490713828989899,0.01806769569954534,0.1
23,Darjeeling,Darjiling,GEN,Bharatiya Janta Party,0.9979695798059618,0.00029436250611120237,0.9979695798059618,0.0017360576879270136,0.1
230,Daspur,Paschim Medinipur,GEN,Bharatiya Janta Party,0.749667744042538,0.23067576718300795,0.749667744042538,0.019656488774454004,0.1
229,Debra,Paschim Medinipur,GEN,All India Trinamool Congress,0.6035570775649469,0.6035570775649469,0.3728252531954627,0.02361766923959036,0.1
120,Deganga,North Twenty Four Parganas,GEN,All India Trinamool Congress,0.7837852924993974,0.7837852924993974,0.15295682564196136,0.06325788185864131,0.22000000000000003
197,Dhanekhali,Hugli,SC,All India Trinamool Congress,0.6396228146095612,0.6396228146095612,0.31911707373795745,0.041260111652481446,0.14
15,Dhupguri,Jalpaiguri,SC,Bharatiya Janta Party,0.9926390185195204,0.0007504557010778776,0.9926390185195204,0.006610525779401658,0.1
143,Diamond Harbour,South  Twenty Four Parganas,GEN,All India Trinamool Congress,0.7437775417881196,0.7437775417881196,0.18388561342780077,0.07233684478407953,0.16
7,Dinhata,Koch Bihar,GEN,Bharatiya Janta Party,0.9975109064656624,0.00047031912743999245,0.9975109064656624,0.0020187744068976055,0.1
184,Domjur,Haora,GEN,All India Trinamool Congress,0.8362566429720736,0.8362566429720736,0.11335279282858418,0.05039056419934216,0.1
75,Domkal,Murshidabad,GEN,All India Trinamool Congress,0.6889967642836987,0.6889967642836987,0.24159554983975903,0.0694076858765423,0.25
284,Dubrajpur,Birbhum,SC,Bharatiya Janta Party,0.9918530685223316,0.007554914624181627,0.9918530685223316,0.0005920168534867137,0.1
114,Dum Dum,North Twenty Four Parganas,GEN,All India Trinamool Congress,0.7555019690513562,0.7555019690513562,0.17929351111517633,0.06520451983346752,0.22000000000000003
110,Dum Dum Uttar,North Twenty Four Parganas,GEN,All India Trinamool Congress,0.6835225906812862,0.6835225906812862,0.2552140643843862,0.061263344934327446,0.22000000000000003
277,Durgapur Paschim,Barddhaman,GEN,Bharatiya Janta Party,0.990778852899099,0.007929220715233588,0.990778852899099,0.001291926385667323,0.16000000000000003
276,Durgapur Purba,Barddhaman,GEN,Bharatiya Janta Party,0.9681320490132399,0.027750559136619165,0.9681320490132399,0.004117391850140951,0.16000000000000003
218,Egra,Purba Medinipur,GEN,All India Trinamool Congress,0.752167321703131,0.752167321703131,0.21207283190864473,0.03575984638822417,0.1
51,Englishbazar,Maldah,GEN,Bharatiya Janta Party,0.9963315809920456,0.002054820614689025,0.9963315809920456,0.0016135983932655644,0.25
163,Entally,Kolkata,GEN,All India Trinamool Congress,0.8601979885468168,0.8601979885468168,0.09784829407077136,0.041953717382411784,0.14
13,Falakata,Jalpaiguri,SC,Bharatiya Janta Party,0.9976674841480823,0.001292293349570958,0.9976674841480823,0.0010402225023467893,0.1
144,Falta,South  Twenty Four Parganas,GEN,All India Trinamool Congress,0.8435064083744971,0.8435064083744971,0.10963391553065385,0.046859676094849104,0.16
55,Farakka,Murshidabad,GEN,All India Trinamool Congress,0.7595309356311674,0.7595309356311674,0.1700109104975334,0.07045815387129922,0.25
97,Gaighata,North Twenty Four Parganas,SC,Bharatiya Janta Party,0.9984684072099779,0.0013234955885438986,0.9984684072099779,0.00020809720147830157,0.22000000000000003
274,Galsi,Barddhaman,SC,All India Trinamool Congress,0.8290320034409399,0.8290320034409399,0.1250276108272094,0.04594038573185084,0.16000000000000003
41,Gangarampur,Dakshin Dinajpur,SC,Bharatiya Janta Party,0.9845323279144215,0.006932323951645306,0.9845323279144215,0.00853534813393328,0.19999999999999998
233,Garbeta,Paschim Medinipur,GEN,All India Trinamool Congress,0.7767676122745415,0.7767676122745415,0.19528258041835755,0.027949807307100862,0.1
44,Gazole,Maldah,SC,Bharatiya Janta Party,0.9911287789105501,0.005554039234512123,0.9911287789105501,0.0033171818549377462,0.25
231,Ghatal,Paschim Medinipur,SC,Bharatiya Janta Party,0.9964886320470413,0.002625413356174393,0.9964886320470413,0.0008859545967841234,0.1
30,Goalpokhar,Uttar Dinajpur,GEN,All India Trinamool Congress,0.6585297099366215,0.6585297099366215,0.2379450465140782,0.10352524354930032,0.25
201,Goghat,Hugli,SC,Bharatiya Janta Party,0.9972510376314715,0.0023461867418174305,0.9972510376314715,0.00040277562671100684,0.14
221,Gopiballavpur,Paschim Medinipur,GEN,All India Trinamool Congress,0.779028183301944,0.779028183301944,0.1926250323518194,0.0283467843462367,0.1
127,Gosaba,South  Twenty Four Parganas,SC,All India Trinamool Congress,0.8226200777548716,0.8226200777548716,0.12962555550200744,0.04775436674312084,0.16
43,Habibpur,Maldah,ST,Bharatiya Janta Party,0.9956889555000695,0.0022938537201650806,0.9956889555000695,0.002017190779765337,0.25
100,Habra,North Twenty Four Parganas,GEN,All India Trinamool Congress,0.6836476056288996,0.6836476056288996,0.2570771335045054,0.05927526086659494,0.22000000000000003
209,Haldia,Purba Medinipur,SC,Bharatiya Janta Party,0.8900922452870391,0.10382971559713412,0.8900922452870391,0.006078039115826778,0.1
292,Hansan,Birbhum,GEN,All India Trinamool Congress,0.9004500128289785,0.9004500128289785,0.0703278858216214,0.029222101349399898,0.1
121,Haroa,North Twenty Four Parganas,GEN,All India Trinamool Congress,0.7679435660135459,0.7679435660135459,0.1644329379066779,0.06762349607977627,0.22000000000000003
73,Hariharpara,Murshidabad,GEN,All India Trinamool Congress,0.5249572358826659,0.5249572358826659,0.42085874894955466,0.054184015167779334,0.25
93,Haringhata,Nadia,SC,Bharatiya Janta Party,0.9974338724000817,0.0022178007266204854,0.9974338724000817,0.00034832687329781046,0.1
196,Haripal,Hugli,GEN,All India Trinamool Congress,0.7557695485183908,0.7557695485183908,0.2006138639256855,0.04361658755592363,0.14
42,Harirampur,Dakshin Dinajpur,GEN,All India Trinamool Congress,0.7004598802688469,0.7004598802688469,0.22767132528261397,0.07186879444853908,0.19999999999999998
46,Harischandrapur,Maldah,GEN,All India Trinamool Congress,0.7478680484215834,0.7478680484215834,0.1828642399226539,0.06926771165576255,0.25
33,Hemtabad,Uttar Dinajpur,SC,Bharatiya Janta Party,0.574494087769438,0.3749654272533922,0.574494087769438,0.05054048497716982,0.25
126,Hingalganj,North Twenty Four Parganas,SC,All India Trinamool Congress,0.6603244524097012,0.6603244524097012,0.28339914992902004,0.05627639766127878,0.22000000000000003
173,Howrah Dakshin,Haora,GEN,All India Trinamool Congress,0.8882181781795606,0.8882181781795606,0.08128842910373174,0.030493392716707653,0.1
171,Howrah Madhya,Haora,GEN,All India Trinamool Congress,0.8781892901338132,0.8781892901338132,0.08971464421404152,0.03209606565214518,0.1
170,Howrah Uttar,Haora,GEN,All India Trinamool Congress,0.7908024290109444,0.7908024290109444,0.11494568579747065,0.0942518851915849,0.1
257,Indus,Bankura,SC,Bharatiya Janta Party,0.9980078437205886,0.0016621109143832922,0.9980078437205886,0.00033004536502820564,0.1
29,Islampur,Uttar Dinajpur,GEN,All India Trinamool Congress,0.6615342747875983,0.6615342747875983,0.25815466515910584,0.08031106005329589,0.25
36,Itahar,Uttar Dinajpur,GEN,All India Trinamool Congress,0.7274408636887363,0.7274408636887363,0.20136340002420497,0.07119573628705868,0.25
150,Jadavpur,South  Twenty Four Parganas,GEN,All India Trinamool Congress,0.8276259954871196,0.8276259954871196,0.1224517263311278,0.049922278181752565,0.16
183,Jagatballavpur,Haora,GEN,All India Trinamool Congress,0.8747266405356425,0.8747266405356425,0.08829410546436817,0.03697925399998921,0.1
106,Jagatdal,North Twenty Four Parganas,GEN,All India Trinamool Congress,0.7778167377673803,0.7778167377673803,0.15189089042987663,0.07029237180274317,0.22000000000000003
76,Jalangi,Murshidabad,GEN,All India Trinamool Congress,0.7222552081760806,0.7222552081760806,0.21017951237406146,0.067565279449858,0.25
17,Jalpaiguri,Jalpaiguri,SC,Bharatiya Janta Party,0.721861878523873,0.25009225771009386,0.721861878523873,0.0280458637660331,0.1
262,Jamalpur,Barddhaman,SC,All India Trinamool Congress,0.8241330458876615,0.8241330458876615,0.13080249805121325,0.04506445606112535,0.16000000000000003
279,Jamuria,Barddhaman,GEN,All India Trinamool Congress,0.6439187169895502,0.6439187169895502,0.3008504050444108,0.05523087796603897,0.16000000000000003
195,Jangipara,Hugli,GEN,All India Trinamool Congress,0.8358459897227443,0.8358459897227443,0.12291326956532987,0.041240740711925884,0.14
58,Jangipur,Murshidabad,GEN,All India Trinamool Congress,0.6696292393766212,0.6696292393766212,0.26456440721940994,0.0658063534039689,0.25
136,Jaynagar,South  Twenty Four Parganas,SC,All India Trinamool Congress,0.832743341842599,0.832743341842599,0.1213136327804571,0.045943025376943815,0.16
222,Jhargram,Paschim Medinipur,GEN,All India Trinamool Congress,0.8865588518818132,0.8865588518818132,0.0843462234943629,0.029094924623824035,0.1
165,Jorasanko,Kolkata,GEN,All India Trinamool Congress,0.5877640407862396,0.5877640407862396,0.37103247923470944,0.04120347997905084,0.14
241,Joypur,Puruliya,GEN,Bharatiya Janta Party,0.995781462754461,0.0037305309276583812,0.995781462754461,0.0004880063178806485,0.1
131,Kakdwip,South  Twenty Four Parganas,GEN,All India Trinamool Congress,0.5085676987274447,0.5085676987274447,0.35306737710969827,0.13836492416285703,0.16
11,Kalchini,Jalpaiguri,ST,Bharatiya Janta Party,0.9984411499617762,0.000800620831167972,0.9984411499617762,0.0007582292070558737,0.1
34,Kaliaganj,Uttar Dinajpur,SC,Bharatiya Janta Party,0.9935988676976087,0.003523849617565866,0.9935988676976087,0.0028772826848254282,0.25
80,Kaliganj,Nadia,GEN,All India Trinamool Congress,0.86736669838811,0.86736669838811,0.10389954948633233,0.02873375212555757,0.1
22,Kalimpong,Darjiling,GEN,OTHER,0.6909093059996374,0.020651652553309894,0.28843904144705274,0.6909093059996374,0.1
264,Kalna,Barddhaman,SC,All India Trinamool Congress,0.6190521273111613,0.6190521273111613,0.34636874294074643,0.03457912974809226,0.16000000000000003
92,Kalyani,Nadia,SC,Bharatiya Janta Party,0.9995807912809596,0.00031391964223857326,0.9995807912809596,0.00010528907680180988,0.1
112,Kamarhati,North Twenty Four Parganas,GEN,All India Trinamool Congress,0.7834166260277697,0.7834166260277697,0.1509668326639856,0.06561654130824472,0.22000000000000003
68,Kandi,Murshidabad,GEN,All India Trinamool Congress,0.7239025160091145,0.7239025160091145,0.20598730261021594,0.07011018138066945,0.25
216,Kanthi Dakshin,Purba Medinipur,GEN,Bharatiya Janta Party,0.9896890995205796,0.009088773820816501,0.9896890995205796,0.001222126658603936,0.1
213,Kanthi Uttar,Purba Medinipur,GEN,Bharatiya Janta Party,0.9838030691457512,0.008728291445134815,0.9838030691457512,0.007468639409113865,0.1
32,Karandighi,Uttar Dinajpur,GEN,All India Trinamool Congress,0.5496623047136666,0.5496623047136666,0.3958256461452865,0.05451204914104689,0.25
77,Karimpur,Nadia,GEN,All India Trinamool Congress,0.5432376063254192,0.5432376063254192,0.4271348822892455,0.02962751138533524,0.1
149,Kasba,South  Twenty Four Parganas,GEN,All India Trinamool Congress,0.8227091263644308,0.8227091263644308,0.12489887928020152,0.052391994355367524,0.16
244,Kashipur,Puruliya,GEN,Bharatiya Janta Party,0.99658753724704,0.002609686211712693,0.99658753724704,0.0008027765412473324,0.1
168,Kashipur-Belgachhia,Kolkata,GEN,All India Trinamool Congress,0.8589009562687401,0.8589009562687401,0.09914396530265364,0.04195507842860643,0.14
256,Katulpur,Bankura,SC,Bharatiya Janta Party,0.9981041495918834,0.0007538739419738586,0.9981041495918834,0.0011419764661426957,0.1
270,Katwa,Barddhaman,GEN,All India Trinamool Congress,0.7778904088186759,0.7778904088186759,0.1769475032264288,0.04516208795489523,0.16000000000000003
223,Keshiary,Paschim Medinipur,ST,All India Trinamool Congress,0.7870150791504813,0.7870150791504813,0.18591540184034025,0.02706951900917854,0.1
235,Keshpur,Paschim Medinipur,SC,All India Trinamool Congress,0.5759976254815498,0.5759976254815498,0.3837772390093489,0.04022513550910152,0.1
271,Ketugram,Barddhaman,GEN,All India Trinamool Congress,0.8329493055031914,0.8329493055031914,0.12130108771303195,0.04574960678377675,0.16000000000000003
202,Khanakul,Hugli,GEN,Bharatiya Janta Party,0.995448382044043,0.00370716734918085,0.995448382044043,0.0008444506067761321,0.14
259,Khandaghosh,Barddhaman,SC,All India Trinamool Congress,0.8028182898875347,0.8028182898875347,0.1524615294511363,0.044720180661329094,0.16000000000000003
228,Kharagpur,Paschim Medinipur,GEN,All India Trinamool Congress,0.8867013115121072,0.8867013115121072,0.08338015866870277,0.029918529819190083,0.1
224,Kharagpur Sadar,Paschim Medinipur,GEN,Bharatiya Janta Party,0.9914635765527304,0.0052191743119032906,0.9914635765527304,0.0033172491353661857,0.1
109,Khardaha,North Twenty Four Parganas,GEN,All India Trinamool Congress,0.7864083246984765,0.7864083246984765,0.14997372117455285,0.06361795412697066,0.22000000000000003
66,Khargram,Murshidabad,SC,All India Trinamool Congress,0.72846226919077,0.72846226919077,0.2021499720017809,0.0693877588074491,0.25
215,Khejuri,Purba Medinipur,SC,Bharatiya Janta Party,0.9905472753781109,0.006698829901753162,0.9905472753781109,0.00275389472013578,0.1
158,Kolkata Port,Kolkata,GEN,All India Trinamool Congress,0.8599239779655397,0.8599239779655397,0.09836306606314067,0.04171295597131957,0.14
83,Krishnanagar Uttar,Nadia,GEN,Bharatiya Janta Party,0.9850483518974386,0.01394407447679217,0.9850483518974386,0.0010075736257693512,0.1
88,Krishnaganj,Nadia,SC,Bharatiya Janta Party,0.9978221380051515,0.001470730722510071,0.9978221380051515,0.000707131272338341,0.1
85,Krishnanagar Dakshin,Nadia,GEN,All India Trinamool Congress,0.5077063538781844,0.5077063538781844,0.4570400077005969,0.0352536384212186,0.1
133,Kulpi,South  Twenty Four Parganas,GEN,All India Trinamool Congress,0.8374369877777772,0.8374369877777772,0.11471999127244828,0.04784302094977443,0.16
129,Kultali,South  Twenty Four Parganas,SC,All India Trinamool Congress,0.8017048793219791,0.8017048793219791,0.14240225003757673,0.0558928706404442,0.16
282,Kulti,Barddhaman,GEN,Bharatiya Janta Party,0.9953444918161283,0.0035217353309900164,0.9953444918161283,0.0011337728528817489,0.16000000000000003
38,Kumarganj,Dakshin Dinajpur,GEN,All India Trinamool Congress,0.5695694860673252,0.5695694860673252,0.37596976456584374,0.05446074936683111,0.19999999999999998
10,Kumargram,Jalpaiguri,ST,Bharatiya Janta Party,0.9965640393861013,0.0017662114192039703,0.9965640393861013,0.0016697491946949163,0.1
24,Kurseong,Darjiling,GEN,Bharatiya Janta Party,0.9925745916472246,0.0007609789879089096,0.9925745916472246,0.006664429364866478,0.1
37,Kushmandi,Dakshin Dinajpur,SC,Bharatiya Janta Party,0.5520020697494001,0.3800539496898715,0.5520020697494001,0.06794398056072823,0.19999999999999998
288,Labhpur,Birbhum,GEN,All India Trinamool Congress,0.8603275641857844,0.8603275641857844,0.10980061575600798,0.02987182005820758,0.1
61,Lalgola,Murshidabad,GEN,All India Trinamool Congress,0.7614811600178778,0.7614811600178778,0.16834413155232691,0.07017470842979531,0.25
14,Madarihat,Jalpaiguri,ST,Bharatiya Janta Party,0.9821594793147217,0.005663078455434652,0.9821594793147217,0.012177442229843686,0.1
118,Madhyamgram,North Twenty Four Parganas,GEN,All India Trinamool Congress,0.7868939198998883,0.7868939198998883,0.14869803148303623,0.06440804861707554,0.22000000000000003
142,Magrahat Paschim,South  Twenty Four Parganas,GEN,All India Trinamool Congress,0.8418721705924587,0.8418721705924587,0.1113997137630459,0.04672811564449552,0.16
141,Magrahat Purba,South  Twenty Four Parganas,SC,All India Trinamool Congress,0.8369539140604076,0.8369539140604076,0.11665640375094889,0.046389682188643463,0.16
155,Maheshtala,South  Twenty Four Parganas,GEN,All India Trinamool Congress,0.8422813259212838,0.8422813259212838,0.11117694041510291,0.046541733663613194,0.16
208,Mahishadal,Purba Medinipur,GEN,All India Trinamool Congress,0.6317126348425139,0.6317126348425139,0.34009913962131577,0.02818822553617016,0.1
20,Mal,Jalpaiguri,ST,Bharatiya Janta Party,0.9467945411964079,0.04371139392520613,0.9467945411964079,0.00949406487838586,0.1
47,Malatipur,Maldah,GEN,All India Trinamool Congress,0.7558033865685831,0.7558033865685831,0.17255710166314572,0.07163951176827114,0.25
50,Maldaha,Maldah,SC,Bharatiya Janta Party,0.7338915710100737,0.24107482260335786,0.7338915710100737,0.02503360638656848,0.25
243,Manbazar,Puruliya,ST,All India Trinamool Congress,0.7300339618879698,0.7300339618879698,0.24471289705068142,0.025253141061348773,0.1
135,Mandirbazar,South  Twenty Four Parganas,SC,All India Trinamool Congress,0.822615107913895,0.822615107913895,0.12768498185374336,0.049699910232361574,0.16
272,Mongalkote,Barddhaman,GEN,All India Trinamool Congress,0.8425706874369802,0.8425706874369802,0.1115493069606883,0.045880005602331596,0.16000000000000003
49,Manikchak,Maldah,GEN,All India Trinamool Congress,0.6513488453360163,0.6513488453360163,0.28696339888430694,0.06168775577967678,0.25
167,Maniktola,Kolkata,GEN,All India Trinamool Congress,0.8313253366433238,0.8313253366433238,0.12379342818202979,0.04488123517464643,0.14
2,Mathabhanga,Koch Bihar,SC,Bharatiya Janta Party,0.9958694410321791,0.0035430843462101592,0.9958694410321791,0.0005874746216106403,0.1
157,Metiaburuz,South  Twenty Four Parganas,GEN,All India Trinamool Congress,0.8377643393013932,0.8377643393013932,0.11610360270741947,0.04613205799118747,0.16
25,Matigara-Naxalbari,Darjiling,SC,Bharatiya Janta Party,0.9939167976157304,0.003465752232975783,0.9939167976157304,0.0026174501512937747,0.1
16,Maynaguri,Jalpaiguri,SC,Bharatiya Janta Party,0.9906874340526587,0.00030526493477429613,0.9906874340526587,0.00900730101256685,0.1
290,Mayureswar,Birbhum,GEN,All India Trinamool Congress,0.8251130526362679,0.8251130526362679,0.14610425577291972,0.0287826915908124,0.1
236,Medinipur,Paschim Medinipur,GEN,All India Trinamool Congress,0.8724691908719356,0.8724691908719356,0.09480750702148003,0.03272330210658426,0.1
1,Mekliganj,Koch Bihar,SC,Bharatiya Janta Party,0.6067809391943653,0.34407041340867306,0.6067809391943653,0.0491486473969617,0.1
265,Memari,Barddhaman,GEN,All India Trinamool Congress,0.8420544267426414,0.8420544267426414,0.11195603943057748,0.04598953382678095,0.16000000000000003
122,Minakhan,North Twenty Four Parganas,SC,All India Trinamool Congress,0.7866401767156933,0.7866401767156933,0.15065072766365142,0.06270909562065527,0.22000000000000003
263,Monteswar,Barddhaman,GEN,All India Trinamool Congress,0.8439677580061022,0.8439677580061022,0.11020489951085222,0.04582734248304554,0.16000000000000003
52,Mothabari,Maldah,GEN,All India Trinamool Congress,0.7566866593380345,0.7566866593380345,0.17251492914132135,0.07079841152064413,0.25
206,Moyna,Purba Medinipur,GEN,Bharatiya Janta Party,0.9900613549381142,0.00733895023715739,0.9900613549381142,0.0025996948247282658,0.1
294,Murarai,Birbhum,GEN,All India Trinamool Congress,0.8938476228246857,0.8938476228246857,0.07656265450903893,0.02958972266627543,0.1
64,Murshidabad,Murshidabad,GEN,Bharatiya Janta Party,0.9887620062751233,0.007776789404905505,0.9887620062751233,0.0034612043199710816,0.25
84,Nabadwip,Nadia,GEN,All India Trinamool Congress,0.5343399865022503,0.5343399865022503,0.44526979484510254,0.020390218652647115,0.1
65,Nabagram,Murshidabad,SC,All India Trinamool Congress,0.6383246037592757,0.6383246037592757,0.3020229948627647,0.05965240137795957,0.25
21,Nagrakata,Jalpaiguri,ST,Bharatiya Janta Party,0.9976526737677767,0.001048325323222413,0.9976526737677767,0.0012990009090009587,0.1
104,Naihati,North Twenty Four Parganas,GEN,All India Trinamool Congress,0.6812137190782187,0.6812137190782187,0.24154055305419916,0.0772457278675822,0.22000000000000003
81,Nakashipara,Nadia,GEN,All India Trinamool Congress,0.8158715945273531,0.8158715945273531,0.15579873260905638,0.028329672863590474,0.1
293,Nalhati,Birbhum,GEN,All India Trinamool Congress,0.8976055674030733,0.8976055674030733,0.07317672612343096,0.02921770647349589,0.1
207,Nandakumar,Purba Medinipur,GEN,All India Trinamool Congress,0.49358263551060766,0.49358263551060766,0.46761122252035575,0.03880614196903665,0.1
210,Nandigram,Purba Medinipur,GEN,Bharatiya Janta Party,0.7730687001766253,0.19514489575462005,0.7730687001766253,0.03178640406875479,0.1
287,Nanoor,Birbhum,SC,Bharatiya Janta Party,0.780006864298383,0.20482963627818349,0.780006864298383,0.015163499423433424,0.1
74,Naoda,Murshidabad,GEN,All India Trinamool Congress,0.7211227462999467,0.7211227462999467,0.2121380176510206,0.06673923604903279,0.25
225,Narayangarh,Paschim Medinipur,GEN,All India Trinamool Congress,0.7196026007483988,0.7196026007483988,0.2535954548452364,0.026801944406364814,0.1
8,Natabari,Koch Bihar,GEN,Bharatiya Janta Party,0.9934110700949108,0.004016160708636288,0.9934110700949108,0.0025727691964528045,0.1
220,Nayagram,Paschim Medinipur,ST,All India Trinamool Congress,0.8527939833656066,0.8527939833656066,0.11793901131069061,0.029267005323702727,0.1
107,Noapara,North Twenty Four Parganas,GEN,All India Trinamool Congress,0.7257542485057544,0.7257542485057544,0.20230252357009368,0.0719432279241519,0.22000000000000003
254,Onda,Bankura,GEN,Bharatiya Janta Party,0.9902568522683235,0.007817746344049392,0.9902568522683235,0.0019254013876270266,0.1
79,Palashipara,Nadia,GEN,All India Trinamool Congress,0.8306403670851568,0.8306403670851568,0.14140650602245222,0.02795312689239115,0.1
175,Panchla,Haora,GEN,All India Trinamool Congress,0.8897928920823712,0.8897928920823712,0.07990073960085768,0.030306368316771165,0.1
275,Pandabeswar,Barddhaman,GEN,All India Trinamool Congress,0.5856334602218536,0.5856334602218536,0.35272509455008755,0.061641445228058867,0.16000000000000003
192,Pandua,Hugli,GEN,All India Trinamool Congress,0.838639284238041,0.838639284238041,0.11874028457405644,0.04262043118790248,0.14
111,Panihati,North Twenty Four Parganas,GEN,All India Trinamool Congress,0.7467073877341975,0.7467073877341975,0.1795061285075489,0.07378648375825363,0.25
205,Panskura Paschim,Purba Medinipur,GEN,Bharatiya Janta Party,0.48686163864152554,0.47887110020613693,0.48686163864152554,0.0342672611523375,0.1
204,Panskura Purba,Purba Medinipur,GEN,All India Trinamool Congress,0.7028720812518134,0.7028720812518134,0.27044025443109787,0.026687664317088623,0.1
245,Para,Puruliya,SC,Bharatiya Janta Party,0.999861613753367,6.62452565059589e-05,0.999861613753367,7.214099012687897e-05,0.1
212,Patashpur,Purba Medinipur,GEN,All India Trinamool Congress,0.5663001084523618,0.5663001084523618,0.40514694441793686,0.028552947129701318,0.1
130,Patharpratima,South  Twenty Four Parganas,GEN,All India Trinamool Congress,0.759040722978677,0.759040722978677,0.1343672734558351,0.10659200356548792,0.16
27,Phansidewa,Darjiling,ST,Bharatiya Janta Party,0.9973138194470836,0.0017059331337036605,0.9973138194470836,0.00098024741921267,0.1
227,Pingla,Paschim Medinipur,GEN,All India Trinamool Congress,0.6056462264973836,0.6056462264973836,0.35709949648302913,0.03725427701958731,0.1
268,Purbasthali Dakshin,Barddhaman,GEN,All India Trinamool Congress,0.8419151279063317,0.8419151279063317,0.11232038297617979,0.04576448911748844,0.16000000000000003
269,Purbasthali Uttar,Barddhaman,GEN,All India Trinamool Congress,0.8134007887275928,0.8134007887275928,0.1415731950904637,0.045026016181943435,0.16000000000000003
199,Pursurah,Hugli,GEN,Bharatiya Janta Party,0.9887009941439839,0.009609880249780132,0.9887009941439839,0.001689125606236062,0.14
242,Purulia,Puruliya,GEN,Bharatiya Janta Party,0.9917408646624924,0.007248981154655405,0.9917408646624924,0.0010101541828522157,0.1
59,Raghunathganj,Murshidabad,GEN,All India Trinamool Congress,0.6960630666708949,0.6960630666708949,0.23558221644202637,0.06835471688707867,0.25
246,Raghunathpur,Puruliya,SC,Bharatiya Janta Party,0.9946470252009909,0.004668103892267157,0.9946470252009909,0.000684870906742047,0.1
134,Raidighi,South  Twenty Four Parganas,GEN,All India Trinamool Congress,0.7525237165939399,0.7525237165939399,0.16236254561034147,0.08511373779571862,0.16
35,Raiganj,Uttar Dinajpur,GEN,Bharatiya Janta Party,0.8068489860742565,0.1527603390443574,0.8068489860742565,0.040390674881385986,0.25
261,Raina,Barddhaman,SC,All India Trinamool Congress,0.7646686175034635,0.7646686175034635,0.18504950954487492,0.05028187295166155,0.16000000000000003
250,Raipur,Bankura,ST,All India Trinamool Congress,0.7476822730474476,0.7476822730474476,0.22466840414959663,0.027649322802955772,0.1
117,Rajarhat  Gopalpur,North Twenty Four Parganas,GEN,All India Trinamool Congress,0.7526156186441284,0.7526156186441284,0.18128972994927794,0.06609465140659357,0.22000000000000003
115,Rajarhat New Town,North Twenty Four Parganas,GEN,All India Trinamool Congress,0.7815968751900104,0.7815968751900104,0.1505841146755284,0.06781901013446114,0.22000000000000003
18,Rajganj,Jalpaiguri,SC,Bharatiya Janta Party,0.9887730758510795,0.008813316583164173,0.9887730758510795,0.0024136075657562616,0.1
217,Ramnagar,Purba Medinipur,GEN,All India Trinamool Congress,0.6916321277526402,0.6916321277526402,0.2811275080806791,0.027240364166680662,0.1
291,Rampurhat,Birbhum,GEN,All India Trinamool Congress,0.7534834917413782,0.7534834917413782,0.21822153196121083,0.02829497629741092,0.1
90,Ranaghat Dakshin,Nadia,SC,Bharatiya Janta Party,0.9981800258775526,0.00101040695943636,0.9981800258775526,0.0008095671630108809,0.1
87,Ranaghat Uttar Paschim,Nadia,GEN,Bharatiya Janta Party,0.9946161340609307,0.003692711769932641,0.9946161340609307,0.0016911541691364996,0.1
89,Ranaghat Uttar Purba,Nadia,SC,Bharatiya Janta Party,0.9907752774011637,0.0080487550216574,0.9907752774011637,0.001175967577178998,0.1
249,Ranibandh,Bankura,ST,Bharatiya Janta Party,0.5418679132053379,0.4388411196104007,0.5418679132053379,0.019290967184261328,0.1
278,Raniganj,Barddhaman,GEN,Bharatiya Janta Party,0.9827690453206868,0.013602046486736666,0.9827690453206868,0.003628908192576539,0.16000000000000003
63,Raninagar,Murshidabad,GEN,All India Trinamool Congress,0.6945226959219283,0.6945226959219283,0.2398463433729197,0.06563096070515201,0.25
160,Rashbehari,Kolkata,GEN,All India Trinamool Congress,0.827835772140372,0.827835772140372,0.12713907980103176,0.04502514805859628,0.14
48,Ratua,Maldah,GEN,All India Trinamool Congress,0.569454586390677,0.569454586390677,0.3728777544184479,0.05766765919087496,0.25
70,Rejinagar,Murshidabad,GEN,All India Trinamool Congress,0.7589362918174968,0.7589362918174968,0.17141091823090132,0.06965278995160194,0.25
226,Sabang,Paschim Medinipur,GEN,All India Trinamool Congress,0.7505680797153023,0.7505680797153023,0.20576903193572293,0.04366288834897483,0.1
132,Sagar,South  Twenty Four Parganas,GEN,All India Trinamool Congress,0.7286944284162913,0.7286944284162913,0.16344368247341462,0.10786188911029408,0.16
60,Sagardighi,Murshidabad,GEN,All India Trinamool Congress,0.7569429266766732,0.7569429266766732,0.17214094489336446,0.07091612842996235,0.25
289,Sainthia,Birbhum,SC,All India Trinamool Congress,0.6201312694122342,0.6201312694122342,0.35626279933549587,0.023605931252269903,0.1
234,Salboni,Paschim Medinipur,GEN,Bharatiya Janta Party,0.7799202387696286,0.13313644678434544,0.7799202387696286,0.08694331444602595,0.1
247,Saltora,Bankura,SC,Bharatiya Janta Party,0.9943623305252817,0.005034945783086372,0.9943623305252817,0.0006027236916319708,0.1
56,Samserganj,Murshidabad,GEN,All India Trinamool Congress,0.7053160748131855,0.7053160748131855,0.22542336269175595,0.06926056249505856,0.25
123,Sandeshkhali,North Twenty Four Parganas,ST,All India Trinamool Congress,0.764380461461535,0.764380461461535,0.16569000679369528,0.0699295317447698,0.25
174,Sankrail,Haora,SC,All India Trinamool Congress,0.8934621625476464,0.8934621625476464,0.07611766482700263,0.03042017262535103,0.1
86,Santipur,Nadia,GEN,Bharatiya Janta Party,0.9944640923442716,0.004744520829984943,0.9944640923442716,0.000791386825743411,0.1
193,Saptagram,Hugli,GEN,All India Trinamool Congress,0.7251470729875531,0.7251470729875531,0.23261430828658705,0.04223861872585987,0.14
145,Satgachhia,South  Twenty Four Parganas,GEN,All India Trinamool Congress,0.7679865528015083,0.7679865528015083,0.14871633172291288,0.08329711547557893,0.16
172,Shibpur,Haora,GEN,All India Trinamool Congress,0.895412293921639,0.895412293921639,0.074044175465391,0.03054353061296998,0.1
166,Shyampukur,Kolkata,GEN,All India Trinamool Congress,0.8519122723271296,0.8519122723271296,0.10568628872252193,0.042401438950348515,0.14
179,Shyampur,Haora,GEN,All India Trinamool Congress,0.785761334845671,0.785761334845671,0.18160547567225147,0.03263318948207762,0.1
26,Siliguri,Darjiling,GEN,Bharatiya Janta Party,0.7986916247966175,0.1479325737020335,0.7986916247966175,0.05337580150134898,0.1
188,Singur,Hugli,GEN,All India Trinamool Congress,0.85706058373391,0.85706058373391,0.1020992032982103,0.04084021296787981,0.14
6,Sitai,Koch Bihar,SC,Bharatiya Janta Party,0.9956479448774197,0.0017524861584108217,0.9956479448774197,0.0025995689641695207,0.1
5,Sitalkuchi,Koch Bihar,SC,Bharatiya Janta Party,0.9977761769375977,0.0010237428255945628,0.9977761769375977,0.0012000802368078384,0.1
258,Sonamukhi,Bankura,SC,Bharatiya Janta Party,0.9959634477540678,0.0035380207559798467,0.9959634477540678,0.0004985314899524157,0.1
